id,category,BERTScore,BLEU,ROUGE-L,METEOR
syn_000049,Caregiving Challenges – Emotional Impact,0.5254442691802979,3.0730966900455255e-155,0.15,0.2864211308992878
syn_000027,Caregiving Challenges – Emotional Impact,0.539618730545044,3.4941818675570817e-155,0.14785992217898833,0.3004272567922875
syn_000039,Caregiving Challenges – Emotional Impact,0.5542347431182861,0.04917429360660803,0.16961130742049468,0.25650842266462487
syn_000139,Support Currently Used,0.5523772239685059,1.4539969418931874e-78,0.16494845360824745,0.35224882303980853
syn_000095,Caregiving Challenges – Distance Caregiving,0.5485503077507019,0.03292140470826342,0.18770226537216828,0.36892121592762533
syn_000050,Caregiving Challenges – Emotional Impact,0.5752441883087158,4.914275540070715e-155,0.17230769230769233,0.3307158894967313
syn_000163,Support Needed,0.5536267161369324,2.985062492014029e-155,0.1188811188811189,0.3009629983056656
syn_000169,Support Needed,0.5086148977279663,4.0444619316794885e-155,0.1342281879194631,0.2965838952004904
syn_000303,Caregiving Challenges – Care Recipient Behavior,0.524374783039093,2.5877954644602016e-155,0.13813813813813813,0.24759284731774414
syn_000304,Caregiving Challenges – Care Recipient Behavior,0.5695685744285583,1.2015416203390962e-78,0.19154929577464788,0.307091718811658
syn_000204,Online Support – Barriers,0.5113935470581055,2.7674023886826804e-155,0.11976047904191618,0.22598870056497178
syn_000200,Online Support – Willingness,0.5572999715805054,7.916605508425527e-79,0.16886543535620052,0.32493893982178085
syn_000322,Caregiving Challenges – Care Recipient Behavior,0.540447473526001,3.839710239484966e-155,0.1641337386018237,0.2787829440380542
syn_000352,Caregiving Challenges – None Reported,0.5720791220664978,0.03425010471500697,0.19230769230769232,0.335508355839473
syn_000328,Caregiving Challenges – Distance Caregiving,0.5627522468566895,1.377679826773691e-78,0.1872909698996655,0.3058072833906021
syn_000385,Support Currently Used,0.5239330530166626,4.148768894792666e-155,0.1642857142857143,0.3182470453840296
syn_000391,Support Currently Used,0.55812007188797,1.2724952600554868e-78,0.19580419580419578,0.35007813054904474
syn_000392,Support Currently Used,0.5436429977416992,0.03267126494142745,0.2007168458781362,0.2798909523206271
syn_000416,Support Needed,0.5514621734619141,1.4367671708984528e-78,0.1984126984126984,0.34316667843608034
syn_000423,Support Needed,0.5304896831512451,3.3665023568367495e-155,0.15384615384615383,0.3110090195635486
syn_000453,Online Support – Barriers,0.570592999458313,4.383549983469388e-155,0.14492753623188406,0.2698552901187146
syn_000401,Support Needed,0.527127742767334,2.82804929674919e-155,0.11838006230529595,0.2936139159443601
syn_000436,Online Support – Willingness,0.499844491481781,2.3725979899568053e-155,0.10682492581602375,0.24701784413966024
syn_000452,Online Support – Barriers,0.5053983926773071,3.842411484362915e-155,0.12461059190031154,0.28555042409973136
syn_000457,Online Support – Barriers,0.5184609889984131,8.503381338953662e-79,0.13836477987421383,0.2686550427034702
syn_000486,Current Digital Tool Use,0.5193932056427002,3.848139864578874e-155,0.1458966565349544,0.2950591598507107
syn_000530,Caregiving Challenges – Emotional Impact,0.5571736097335815,0.03321557418440941,0.16286644951140064,0.3668293990300751
syn_000533,Caregiving Challenges – Emotional Impact,0.5415969491004944,1.0751540175843609e-78,0.16722408026755853,0.3452348595667749
syn_000467,Online Support – Barriers,0.5227588415145874,2.82350038497461e-155,0.12244897959183673,0.31715853120832793
syn_000471,Online Support – Barriers,0.5076613426208496,3.1694458868321137e-155,0.1326530612244898,0.24555046277697906
syn_000539,Caregiving Challenges – Emotional Impact,0.4993767738342285,9.007337676852183e-79,0.1744186046511628,0.2976488299787269
syn_000637,Support Currently Used,0.5677320957183838,1.0977476583613454e-78,0.16216216216216214,0.2914038178700629
syn_000605,Caregiving Challenges – None Reported,0.5532032251358032,9.670544810400901e-79,0.1925925925925926,0.28112810483039435
syn_000645,Support Currently Used,0.5648285150527954,4.548725382482911e-155,0.18354430379746836,0.28002937420178803
syn_000572,Caregiving Challenges – Care Recipient Behavior,0.5497782230377197,0.03254135217559555,0.17159763313609466,0.32155667603664245
syn_000660,Support Needed,0.5014892816543579,3.655693582546891e-155,0.13114754098360654,0.27941660670568486
syn_000678,Online Support – Willingness,0.5152456760406494,3.3181584096404414e-155,0.11392405063291139,0.25220176140912737
syn_000712,Online Support – Barriers,0.5297275185585022,2.774609361024365e-155,0.13718411552346568,0.24695980207675808
syn_000726,Current Digital Tool Use,0.5528845191001892,3.526950100891713e-155,0.16117216117216118,0.2905076574205831
syn_000686,Online Support – Willingness,0.5026828646659851,3.275007275516886e-155,0.12297734627831716,0.2387267904509284
syn_000693,Online Support – Willingness,0.4831790030002594,2.4147795294066395e-155,0.1257142857142857,0.2180566182096404
syn_000744,Current Digital Tool Use,0.5339193344116211,0.030169532777446557,0.16286644951140064,0.3257006909171623
syn_000751,Caregiving Challenges – Balance & Time,0.5171265006065369,3.76071637896883e-155,0.13043478260869565,0.3049839711735955
syn_000761,Caregiving Challenges – Balance & Time,0.5293554067611694,0.042586342317494225,0.16438356164383564,0.33291314985501247
syn_000786,Caregiving Challenges – Emotional Impact,0.580296516418457,0.04200217841041033,0.17687074829931973,0.3055451818495856
syn_000783,Caregiving Challenges – Emotional Impact,0.5591878890991211,1.3573824022477718e-78,0.1727574750830565,0.3080573720865185
syn_000817,Caregiving Challenges – Care Recipient Behavior,0.5848907828330994,0.041444930221009535,0.189873417721519,0.32726562734673037
syn_000852,Caregiving Challenges – None Reported,0.5189700722694397,4.176982992179347e-155,0.15555555555555556,0.25192456691036247
syn_000866,Caregiving Challenges – None Reported,0.5588127970695496,5.204984141876899e-155,0.15706806282722513,0.28729503665183237
syn_000875,Caregiving Challenges – None Reported,0.5506018400192261,5.176007727066028e-155,0.18652849740932645,0.2380031140044381
syn_000846,Caregiving Challenges – Distance Caregiving,0.5742295384407043,0.03880339046235134,0.20125786163522014,0.3238383827653608
syn_000868,Caregiving Challenges – None Reported,0.5525051355361938,4.716211595984783e-155,0.1891891891891892,0.352717106126197
syn_000979,Current Digital Tool Use,0.5432510375976562,4.081426592707334e-155,0.16296296296296298,0.26732222920654614
syn_000906,Support Needed,0.5424836277961731,1.099637686655949e-78,0.12941176470588237,0.379858431093959
syn_001060,Caregiving Challenges – Care Recipient Behavior,0.5277681946754456,1.0985351821584597e-78,0.1639344262295082,0.31130168351517096
syn_001063,Caregiving Challenges – Care Recipient Behavior,0.49372103810310364,3.1903194504860426e-155,0.1588235294117647,0.2962430986887509
syn_000955,Online Support – Barriers,0.5262892842292786,8.075367949730563e-79,0.14492753623188406,0.24428555912006533
syn_001077,Caregiving Challenges – Distance Caregiving,0.505477249622345,3.032694585346225e-155,0.1348973607038123,0.25895638953855693
syn_001111,Caregiving Challenges – None Reported,0.5381781458854675,4.593564807361524e-155,0.19704433497536944,0.31196845509066556
syn_001109,Caregiving Challenges – None Reported,0.5334750413894653,3.939156513666592e-155,0.19246861924686193,0.26388888888888884
syn_001084,Caregiving Challenges – Distance Caregiving,0.5177310109138489,8.677106062596039e-79,0.16265060240963858,0.2494802494802495
syn_001124,Caregiving Challenges – None Reported,0.5284755825996399,1.3590866676224015e-78,0.16793893129770995,0.31444841666143997
syn_001183,Online Support – Willingness,0.517963707447052,2.8349419856847623e-155,0.13599999999999998,0.21641118124436431
syn_001191,Online Support – Willingness,0.5169345140457153,8.219278184872589e-79,0.13475177304964542,0.26706705979752793
syn_001201,Online Support – Barriers,0.5276595950126648,0.021928180805934123,0.136986301369863,0.24510030161211435
syn_001178,Online Support – Willingness,0.4756162166595459,3.7285729814615062e-155,0.1076487252124646,0.2929165326750403
syn_001209,Online Support – Barriers,0.5297886729240417,4.212072008291673e-155,0.15,0.2992251475414211
syn_001238,Current Digital Tool Use,0.5346779823303223,0.03902808768244717,0.1592356687898089,0.26880109580608574
syn_001287,Caregiving Challenges – Emotional Impact,0.5422604084014893,9.059556758546411e-79,0.1712538226299694,0.3467065478899798
syn_001357,Caregiving Challenges – None Reported,0.549096405506134,0.04678261639687514,0.19138755980861244,0.29821917921630636
syn_001317,Caregiving Challenges – Care Recipient Behavior,0.5254363417625427,9.674843841160787e-79,0.15384615384615385,0.30386127056202883
syn_001338,Caregiving Challenges – Distance Caregiving,0.5537669062614441,0.049995232197419935,0.16556291390728475,0.29877936990399
syn_001318,Caregiving Challenges – Care Recipient Behavior,0.5216462016105652,0.029212696412218887,0.15555555555555556,0.3234994350792798
syn_001377,Support Currently Used,0.5551604628562927,1.1895512682611766e-78,0.19123505976095614,0.3079495919124467
syn_001385,Support Currently Used,0.5932551026344299,0.03913506718368561,0.17940199335548174,0.35192028469750897
syn_001382,Support Currently Used,0.5385532975196838,0.050497504305980254,0.16119402985074627,0.3203572335204355
syn_001409,Support Needed,0.5379949808120728,0.03962816503778879,0.18493150684931509,0.32410782029206103
syn_001498,Current Digital Tool Use,0.5071850419044495,3.1717122157645842e-155,0.14503816793893132,0.27050009620815724
syn_001430,Online Support – Willingness,0.5114193558692932,2.646297221819583e-155,0.13105413105413105,0.25305313343764957
syn_001496,Current Digital Tool Use,0.5238406658172607,3.761184188178668e-155,0.16201117318435754,0.2887462489775342
syn_001563,Caregiving Challenges – Care Recipient Behavior,0.539949893951416,4.732598510084089e-155,0.17034700315457413,0.3279281040372032
syn_001528,Caregiving Challenges – Emotional Impact,0.5294622778892517,3.811711035237399e-155,0.13731343283582087,0.31796433246307293
syn_001567,Caregiving Challenges – Care Recipient Behavior,0.542533278465271,4.047171383674554e-155,0.15249266862170088,0.2798134576948701
syn_001586,Caregiving Challenges – Distance Caregiving,0.5644473433494568,1.3359072819822182e-78,0.16615384615384615,0.3159343652110599
syn_001662,Support Needed,0.5428742170333862,0.0524735176410377,0.1781609195402299,0.31519383630473896
syn_001597,Caregiving Challenges – Distance Caregiving,0.5416771173477173,9.870770986843241e-79,0.18285714285714288,0.354325378912921
syn_001668,Support Needed,0.5252373218536377,1.0306731725022976e-78,0.14958448753462603,0.3266739303471451
syn_001685,Online Support – Willingness,0.5160045027732849,3.5899449767684224e-155,0.10441767068273092,0.20456707897240722
syn_001670,Support Needed,0.5320869088172913,0.037710363739923924,0.18681318681318682,0.2891458923067951
syn_001709,Online Support – Barriers,0.5503084063529968,3.6553986601185664e-155,0.1643059490084986,0.31284570499244924
syn_001727,Current Digital Tool Use,0.5056613087654114,0.0203413338128437,0.1176470588235294,0.23714121986861167
syn_001726,Current Digital Tool Use,0.5166186094284058,3.430620464980199e-155,0.1523809523809524,0.2757876738645969
syn_001746,Current Digital Tool Use,0.515194296836853,3.7223594683899517e-155,0.18238993710691823,0.29524076957295375
syn_001747,Current Digital Tool Use,0.5288374423980713,1.0210059675953956e-78,0.1615598885793872,0.2971804295741072
syn_001768,Caregiving Challenges – Balance & Time,0.5291716456413269,4.455510907439695e-155,0.1625441696113074,0.2791807913099421
syn_001765,Caregiving Challenges – Balance & Time,0.5334662795066833,8.39550705179377e-79,0.14555256064690028,0.29510315977202073
syn_001766,Caregiving Challenges – Balance & Time,0.5465999841690063,8.020976528949006e-79,0.152317880794702,0.2843231130857993
syn_001770,Caregiving Challenges – Balance & Time,0.5288895964622498,3.953685757960861e-155,0.14426229508196722,0.3217062774476879
syn_001819,Caregiving Challenges – Care Recipient Behavior,0.545535683631897,2.8520863375741388e-155,0.13090909090909092,0.24588874572626757
syn_001822,Caregiving Challenges – Care Recipient Behavior,0.517453670501709,3.0101462184176098e-155,0.13939393939393938,0.2745284727868659
syn_001833,Caregiving Challenges – Distance Caregiving,0.5647634267807007,1.4567190590522904e-78,0.16611295681063123,0.3162441409842513
syn_001845,Caregiving Challenges – Distance Caregiving,0.530614972114563,4.298631483271809e-155,0.15172413793103448,0.3003618956301874
syn_001872,Caregiving Challenges – None Reported,0.5071378350257874,4.198175753230799e-155,0.14953271028037382,0.2511902560678695
syn_001842,Caregiving Challenges – Distance Caregiving,0.5271493196487427,3.5743097130172348e-155,0.1523809523809524,0.26932084309133486
syn_001877,Support Currently Used,0.5411385297775269,4.570639055273471e-155,0.17647058823529413,0.3213279838176029
syn_002012,Caregiving Challenges – Balance & Time,0.5502169132232666,1.3000445237361616e-78,0.15916955017301035,0.26934539050497724
syn_002025,Caregiving Challenges – Balance & Time,0.5506295561790466,8.784509564323492e-79,0.13815789473684212,0.26185127598124114
syn_002054,Caregiving Challenges – Care Recipient Behavior,0.5106921792030334,4.355477932300286e-155,0.17808219178082188,0.3086523985239853
syn_002040,Caregiving Challenges – Emotional Impact,0.4977210760116577,2.6736493835977944e-155,0.13377926421404684,0.25289864368145015
syn_001969,Online Support – Barriers,0.5273323655128479,1.1580023589151226e-78,0.16265060240963858,0.2842662084690906
syn_002094,Caregiving Challenges – Distance Caregiving,0.5501161217689514,0.07742202856272222,0.18808777429467086,0.37940264456780076
syn_002132,Support Currently Used,0.5603573322296143,8.749440961887083e-79,0.17275747508305647,0.2874333309548331
syn_002226,Current Digital Tool Use,0.5642908811569214,4.375592799072472e-155,0.1568627450980392,0.317106566404919
syn_002176,Online Support – Willingness,0.5661802887916565,4.327703408980418e-155,0.15238095238095237,0.2902347463381511
syn_002256,Caregiving Challenges – Balance & Time,0.554600715637207,1.0161998941402483e-78,0.14342629482071714,0.28919075960815976
syn_002175,Support Needed,0.5378862619400024,9.335503202502792e-79,0.1543026706231454,0.32662441706892764
syn_002211,Online Support – Barriers,0.4932515025138855,0.02560197829783126,0.14361702127659576,0.32461782899100694
syn_002363,Caregiving Challenges – None Reported,0.5557171106338501,1.3998388339769278e-78,0.17733990147783252,0.28536854940494444
syn_002273,Caregiving Challenges – Balance & Time,0.5337789058685303,3.0485906566627897e-155,0.12666666666666668,0.28793298517192034
syn_002266,Caregiving Challenges – Balance & Time,0.5351906418800354,9.779258716151174e-79,0.1162079510703364,0.3012764423405738
syn_002292,Caregiving Challenges – Emotional Impact,0.5714108943939209,0.026962091600521508,0.1466275659824047,0.3350926079708674
syn_002392,Support Currently Used,0.5836184024810791,1.4864075652540135e-78,0.17880794701986755,0.3395785037414481
syn_002482,Current Digital Tool Use,0.5026657581329346,9.761698389007452e-79,0.14869888475836432,0.2592388889017197
syn_002476,Current Digital Tool Use,0.5110923647880554,1.0144647883428363e-78,0.14285714285714285,0.2832092741520362
syn_002603,Caregiving Challenges – None Reported,0.5779222846031189,5.173887591211163e-155,0.24390243902439024,0.2800298546225876
syn_002621,Caregiving Challenges – None Reported,0.5593910217285156,1.0013627164740409e-78,0.1619718309859155,0.2858037516973221
syn_002581,Caregiving Challenges – Distance Caregiving,0.5509687662124634,0.03797225462584031,0.17687074829931973,0.3599489962137339
syn_002559,Caregiving Challenges – Care Recipient Behavior,0.5609574913978577,0.02458112698632415,0.18497109826589597,0.38324703069457194
syn_002669,Support Needed,0.5230348706245422,3.898372311450259e-155,0.16513761467889906,0.2890615985786379
syn_002676,Online Support – Willingness,0.5209269523620605,8.897895191573883e-79,0.15527950310559005,0.2574093775064611
syn_002664,Support Needed,0.5248739719390869,0.038041183507400975,0.1679790026246719,0.3107869006302215
syn_002769,Caregiving Challenges – Balance & Time,0.5147005915641785,4.213943016821925e-155,0.17793594306049823,0.3408166739897946
syn_002682,Online Support – Willingness,0.604290246963501,0.04807202676841005,0.17721518987341772,0.2999635726686508
syn_002679,Online Support – Willingness,0.5594701766967773,8.286604461282747e-79,0.15697674418604649,0.3368317060276947
syn_002795,Caregiving Challenges – Emotional Impact,0.5283104181289673,9.191355945453403e-79,0.161993769470405,0.3162333046278888
syn_002979,Current Digital Tool Use,0.5480173826217651,4.428376861222229e-155,0.14935064935064937,0.3071621015911993
syn_002965,Online Support – Barriers,0.5266948342323303,2.738744684500672e-155,0.15723270440251572,0.29844661251230786
syn_002941,Online Support – Willingness,0.529290497303009,3.4806728099123777e-155,0.1366459627329193,0.279621958730563
syn_002929,Online Support – Willingness,0.5233158469200134,3.932598682128575e-155,0.13256484149855907,0.2848794740686633
syn_002813,Caregiving Challenges – Care Recipient Behavior,0.5136668682098389,2.9170335128719695e-155,0.13941018766756033,0.2992037137632769
syn_003104,Caregiving Challenges – None Reported,0.5236664414405823,5.292024765524823e-155,0.20388349514563106,0.2771581671884441
syn_003125,Caregiving Challenges – None Reported,0.5441736578941345,4.711392956351621e-155,0.20202020202020202,0.2582306438700823
syn_003020,Caregiving Challenges – Balance & Time,0.5222870707511902,3.3949595835075954e-155,0.13058419243986252,0.3021041954727524
syn_003086,Caregiving Challenges – Distance Caregiving,0.5364284515380859,3.967806812150611e-155,0.17834394904458595,0.3169037224804018
syn_003010,Caregiving Challenges – Balance & Time,0.5141552090644836,0.04406119913555371,0.15743440233236153,0.3238351420914374
syn_003072,Caregiving Challenges – Care Recipient Behavior,0.5062131881713867,0.034581296799964335,0.17363344051446944,0.352884175490864
syn_003132,Support Currently Used,0.5556021332740784,4.235547953487973e-155,0.18382352941176472,0.3232395061868441
syn_003134,Support Currently Used,0.5566451549530029,1.0329111043648029e-78,0.20875420875420878,0.30017521757922244
syn_003136,Support Currently Used,0.5557477474212646,0.03636076839097088,0.19933554817275748,0.3240993490603855
syn_003233,Current Digital Tool Use,0.5319976210594177,1.0423999545900927e-78,0.17469879518072287,0.29086761948484274
syn_003203,Online Support – Barriers,0.5386876463890076,4.376115476355637e-155,0.14285714285714288,0.299991720928724
syn_003173,Support Needed,0.5111033916473389,2.352182502728582e-155,0.11444141689373297,0.23082942097026607
syn_003261,Caregiving Challenges – Balance & Time,0.5160205364227295,8.011190715241813e-79,0.13124999999999998,0.2860318536733763
syn_003283,Caregiving Challenges – Emotional Impact,0.5570970773696899,1.0341384150315333e-78,0.1609907120743034,0.3411564925899788
syn_003308,Caregiving Challenges – Care Recipient Behavior,0.5423597097396851,2.5648720772453082e-155,0.13813813813813816,0.27953006489952303
syn_003340,Caregiving Challenges – Distance Caregiving,0.5319279432296753,0.029839129712575747,0.16286644951140064,0.32808989523766957
syn_003392,Support Currently Used,0.5326599478721619,4.702354151312664e-155,0.13651877133105803,0.33179275094652855
syn_003319,Caregiving Challenges – Care Recipient Behavior,0.5031073093414307,3.380957409154473e-155,0.15774647887323942,0.2616690240452617
syn_003418,Support Needed,0.5291213989257812,3.6457276548505234e-155,0.14761904761904762,0.29842248868917315
syn_003441,Online Support – Willingness,0.5248034000396729,3.0690421759278273e-155,0.1368421052631579,0.2657060996326618
syn_003459,Online Support – Barriers,0.5213755369186401,3.126050914084831e-155,0.1345565749235474,0.2703890516072812
syn_003496,Current Digital Tool Use,0.502046525478363,8.725808271145353e-79,0.14234875444839856,0.26969178082191775
syn_003500,Current Digital Tool Use,0.534382164478302,0.027587645096140385,0.16233766233766234,0.27729736820645906
syn_003474,Online Support – Barriers,0.48980841040611267,4.115995969842687e-155,0.11052631578947368,0.27635478538567165
syn_003515,Caregiving Challenges – Balance & Time,0.5447755455970764,2.482062024099662e-155,0.108843537414966,0.30246594962706735
syn_003513,Caregiving Challenges – Balance & Time,0.4951311945915222,0.031162279629415746,0.14035087719298245,0.21133178890872753
syn_003528,Caregiving Challenges – Emotional Impact,0.5677797794342041,9.212252118629039e-79,0.16822429906542055,0.3348332683307333
syn_003531,Caregiving Challenges – Emotional Impact,0.5411324501037598,4.417599881331674e-155,0.16199376947040497,0.3184571607187126
syn_003588,Caregiving Challenges – Distance Caregiving,0.5689502358436584,1.0759840055259684e-78,0.16666666666666669,0.34716616697416974
syn_003550,Caregiving Challenges – Emotional Impact,0.5525959730148315,0.07256939404845651,0.1724137931034483,0.3710948905109489
syn_003564,Caregiving Challenges – Care Recipient Behavior,0.5606962442398071,9.326559663828861e-79,0.16023738872403562,0.3503584497920559
syn_003559,Caregiving Challenges – Care Recipient Behavior,0.4817430377006531,3.74831611263709e-155,0.13774104683195593,0.26891683034155706
syn_003594,Caregiving Challenges – Distance Caregiving,0.515232264995575,9.465203770477485e-79,0.17081850533807827,0.2525252525252525
syn_003608,Caregiving Challenges – None Reported,0.5401620268821716,1.498922677464579e-78,0.20560747663551404,0.30184006974457905
syn_003610,Caregiving Challenges – None Reported,0.5380339026451111,1.167162463729057e-78,0.173469387755102,0.28065126951849717
syn_003606,Caregiving Challenges – None Reported,0.51482754945755,2.8020954770768486e-155,0.1265822784810127,0.24993304757904128
syn_003623,Caregiving Challenges – None Reported,0.5508668422698975,9.014176454944784e-79,0.1407035175879397,0.3023556361320038
syn_003632,Support Currently Used,0.534109890460968,3.3338057207241805e-155,0.14946619217081852,0.2908735411745445
syn_003630,Support Currently Used,0.5162246227264404,4.04920215021341e-155,0.14583333333333334,0.313237900826129
syn_003653,Support Needed,0.5051527619361877,3.3011490985395016e-155,0.17254901960784313,0.34430752516010976
syn_003658,Support Needed,0.5380545258522034,1.0295540031183183e-78,0.14864864864864866,0.29993618654133
syn_003704,Online Support – Barriers,0.5371637344360352,1.0865663290048252e-78,0.13284132841328414,0.2771530815109345
syn_003683,Online Support – Willingness,0.5502803921699524,1.0564516288647251e-78,0.14534883720930233,0.317039352900961
syn_003728,Current Digital Tool Use,0.5261075496673584,3.152918786421646e-155,0.1413427561837456,0.2576595020833689
syn_003742,Current Digital Tool Use,0.562574028968811,1.298539832381286e-78,0.1749049429657795,0.33631695939388245
syn_003746,Current Digital Tool Use,0.5470348000526428,3.5041925385672876e-155,0.16025641025641027,0.2769115030164494
syn_003759,Support Currently Used,0.5679865479469299,9.209403468120716e-79,0.16666666666666666,0.3229964768426306
syn_003718,Online Support – Barriers,0.5121564865112305,0.019497584771141614,0.14516129032258063,0.28946488950957733
syn_003791,Caregiving Challenges – Balance & Time,0.5341519117355347,3.718938991558182e-155,0.12274368231046931,0.30344781269596566
syn_003797,Caregiving Challenges – Balance & Time,0.5664523243904114,0.04105578231329848,0.1395348837209302,0.3040505376168109
syn_003839,Caregiving Challenges – Care Recipient Behavior,0.5323328375816345,1.0359292551111641e-78,0.16339869281045752,0.35389366764275254
syn_003859,Caregiving Challenges – Distance Caregiving,0.5244535803794861,0.02988107508916211,0.1506849315068493,0.36018057953918037
syn_003903,Support Needed,0.5497545003890991,3.468291363313431e-155,0.1672025723472669,0.24871355060034303
syn_003861,Caregiving Challenges – Distance Caregiving,0.5208280682563782,0.03543637029623327,0.15606936416184972,0.296604459200688
syn_003972,Online Support – Barriers,0.5561911463737488,1.1931057282673578e-78,0.18241042345276873,0.28283021999712893
syn_003919,Support Needed,0.5485302209854126,9.247844225559069e-79,0.16199376947040497,0.3489363326377932
syn_003921,Support Needed,0.5357167720794678,0.03848381190061165,0.1891891891891892,0.3592216872139652
syn_003976,Current Digital Tool Use,0.5064846277236938,2.943146896305419e-155,0.12903225806451613,0.2609427609427609
syn_003994,Current Digital Tool Use,0.5276890993118286,4.315556728549111e-155,0.1607717041800643,0.2676373129650397
syn_004009,Support Currently Used,0.5490933060646057,4.344451579419412e-155,0.1714285714285714,0.26998452946921403
syn_004039,Caregiving Challenges – Balance & Time,0.5423747897148132,0.023916729554515744,0.17049180327868854,0.34169701216881304
syn_003999,Current Digital Tool Use,0.48037347197532654,3.3935013298386844e-155,0.12672176308539948,0.27841025731460606
syn_004047,Caregiving Challenges – Balance & Time,0.5291855335235596,3.549857554230788e-155,0.12000000000000001,0.24624373956594323
syn_004067,Caregiving Challenges – Emotional Impact,0.5645492076873779,0.033466586709767876,0.16883116883116883,0.35250139243941103
syn_004054,Caregiving Challenges – Emotional Impact,0.5691052675247192,0.0362914458788874,0.1871345029239766,0.34002272781311405
syn_004098,Caregiving Challenges – Distance Caregiving,0.5257182717323303,3.3515356976560177e-155,0.13953488372093023,0.2379356568364611
syn_004161,Online Support – Willingness,0.5387980937957764,3.6954881496337747e-155,0.13749999999999998,0.3102312076110382
syn_004247,Current Digital Tool Use,0.5215904116630554,9.648516608967672e-79,0.17333333333333334,0.3054642519148224
syn_004130,Support Needed,0.5102075934410095,8.645130189803735e-79,0.14245014245014248,0.27417163948269163
syn_004388,Caregiving Challenges – None Reported,0.5349785685539246,5.460949603396308e-155,0.15789473684210528,0.2655400395452298
syn_004345,Caregiving Challenges – Care Recipient Behavior,0.5670487284660339,8.37628603221944e-79,0.16666666666666666,0.33238543685594224
syn_004353,Caregiving Challenges – Distance Caregiving,0.5116384029388428,3.751517321293326e-155,0.143646408839779,0.2760672716943971
syn_004402,Support Needed,0.5284470915794373,1.3757656978168405e-78,0.12903225806451615,0.2930096988085295
syn_004464,Online Support – Barriers,0.5182404518127441,2.6129676686697985e-155,0.1310344827586207,0.22513172344783278
syn_004417,Support Needed,0.4920226037502289,4.239977540260729e-155,0.1695906432748538,0.3176151752770174
syn_004482,Current Digital Tool Use,0.5419362783432007,1.056892234366262e-78,0.14232209737827714,0.28291883043348137
syn_004414,Support Needed,0.4911336898803711,9.774058679301921e-79,0.15760869565217392,0.3099297208882072
syn_004468,Online Support – Barriers,0.5510689616203308,4.305547485208416e-155,0.14126394052044608,0.23911187019641333
syn_004442,Online Support – Willingness,0.5257840156555176,6.778232766120728e-79,0.1306818181818182,0.30178678829190053
syn_004510,Support Currently Used,0.5850557684898376,5.289529746686893e-155,0.22058823529411764,0.310928547008547
syn_004524,Support Currently Used,0.5451759099960327,1.0126748410240007e-78,0.16107382550335572,0.3189931539525598
syn_004604,Caregiving Challenges – Distance Caregiving,0.550529956817627,4.124322931214718e-155,0.16842105263157894,0.31308689236729037
syn_004571,Caregiving Challenges – Emotional Impact,0.5469363927841187,3.743881382418666e-155,0.16883116883116883,0.3298417260988797
syn_004591,Caregiving Challenges – Care Recipient Behavior,0.5398404598236084,3.2711580861750165e-155,0.15591397849462366,0.3062569151857479
syn_004636,Caregiving Challenges – None Reported,0.483114629983902,3.5092248838319834e-155,0.16352201257861637,0.2252801883696887
syn_004584,Caregiving Challenges – Care Recipient Behavior,0.5061379075050354,3.1957050799553116e-155,0.12398921832884097,0.2862173375271096
syn_004633,Caregiving Challenges – None Reported,0.5455757975578308,5.245547211544604e-155,0.22439024390243903,0.34029811381876096
syn_004608,Caregiving Challenges – Distance Caregiving,0.5170375108718872,1.0232036916402172e-78,0.1437908496732026,0.30631190310879364
syn_004617,Caregiving Challenges – Distance Caregiving,0.5436280965805054,0.0439259081634784,0.15625,0.28913241138133844
syn_004638,Caregiving Challenges – None Reported,0.5465690493583679,4.444133205605263e-155,0.21390374331550802,0.313725515796492
syn_004640,Caregiving Challenges – None Reported,0.5313478112220764,8.484236826011456e-79,0.15498154981549817,0.28065972423475466
syn_004676,Online Support – Willingness,0.5361422300338745,9.552403388431772e-79,0.1254355400696864,0.306928461209541
syn_004705,Online Support – Barriers,0.4986451268196106,3.0284272913011723e-155,0.11555555555555556,0.19069767441860466
syn_004666,Support Needed,0.5518524050712585,0.027632202620820497,0.16574585635359115,0.3587000135178339
syn_004688,Online Support – Willingness,0.5381118059158325,7.472430015508904e-79,0.1326530612244898,0.3079753544851543
syn_004699,Online Support – Willingness,0.538836658000946,0.03825084520570437,0.1602209944751381,0.3078970155792184
syn_004751,Support Currently Used,0.5364492535591125,4.432516018858911e-155,0.15730337078651685,0.2850648182745986
syn_004777,Caregiving Challenges – Balance & Time,0.5550386905670166,1.1553639781830723e-78,0.1797752808988764,0.35013299229665396
syn_004729,Current Digital Tool Use,0.5291993618011475,3.0506845847660526e-155,0.14204545454545453,0.2883211678832117
syn_004786,Caregiving Challenges – Balance & Time,0.5023549199104309,2.384768072448817e-155,0.126984126984127,0.18258426966292135
syn_004794,Caregiving Challenges – Balance & Time,0.5434262752532959,3.878495619634012e-155,0.15602836879432627,0.2821296296296297
syn_004791,Caregiving Challenges – Balance & Time,0.5417647361755371,0.035798367970656074,0.14102564102564102,0.3419206049149338
syn_004804,Caregiving Challenges – Emotional Impact,0.525558352470398,8.178154239450875e-79,0.17624521072796936,0.316431090735071
syn_004807,Caregiving Challenges – Emotional Impact,0.5127766132354736,3.959163646566013e-155,0.1568627450980392,0.2817662171345562
syn_004808,Caregiving Challenges – Emotional Impact,0.5305650234222412,9.967979912013141e-79,0.1532567049808429,0.3188230072632515
syn_004823,Caregiving Challenges – Emotional Impact,0.5846774578094482,1.0688495795438883e-78,0.22875816993464054,0.40176384967290885
syn_004854,Caregiving Challenges – Distance Caregiving,0.5380879044532776,4.058415411474773e-155,0.16923076923076924,0.3038225049369933
syn_004891,Caregiving Challenges – None Reported,0.5411796569824219,1.0053419520957971e-78,0.1718213058419244,0.3018266372821486
syn_004894,Caregiving Challenges – None Reported,0.5415747165679932,3.984523445433479e-155,0.13970588235294118,0.27660505370714605
syn_004906,Support Needed,0.5511466860771179,1.211209449145288e-78,0.14285714285714285,0.36565450537456295
syn_004918,Support Needed,0.5223245024681091,3.613406584472452e-155,0.15249266862170088,0.31802983769727405
syn_004940,Online Support – Willingness,0.5415680408477783,0.053267187526429824,0.1896024464831804,0.3679199796179203
syn_004944,Online Support – Willingness,0.5141689777374268,9.272295633143034e-79,0.1372549019607843,0.26164874551971323
syn_004943,Online Support – Willingness,0.5198556780815125,2.563207637190153e-155,0.13793103448275862,0.2949279976489029
syn_004955,Online Support – Barriers,0.5170646905899048,0.025514810334973242,0.1533742331288344,0.2774038524466783
syn_005001,Support Currently Used,0.5654670596122742,0.041718664057048,0.15384615384615383,0.3333686112402328
syn_005011,Support Currently Used,0.5301194190979004,4.340574317892608e-155,0.1844380403458213,0.2834676413867429
syn_004963,Online Support – Barriers,0.49171191453933716,7.980078822366964e-79,0.11494252873563218,0.30138632120631625
syn_005036,Caregiving Challenges – Balance & Time,0.49599868059158325,3.5583846554056095e-155,0.12794612794612795,0.30126299252965233
syn_005041,Caregiving Challenges – Balance & Time,0.5137419700622559,9.756484428588456e-79,0.12413793103448274,0.306824965368192
syn_005039,Caregiving Challenges – Balance & Time,0.4918868839740753,3.419126129464948e-155,0.14328358208955225,0.24879614767255218
syn_005045,Caregiving Challenges – Balance & Time,0.5018367171287537,3.559569977555978e-155,0.15737704918032785,0.2896163369350617
syn_005148,Caregiving Challenges – None Reported,0.5763156414031982,0.054412810314043256,0.24154589371980675,0.3410307574674428
syn_005050,Caregiving Challenges – Emotional Impact,0.5474767684936523,0.03158548496431322,0.1895424836601307,0.3155533055388527
syn_005134,Caregiving Challenges – None Reported,0.5454235672950745,5.10969926575007e-155,0.1810344827586207,0.30743273542600896
syn_005102,Caregiving Challenges – Distance Caregiving,0.4916354715824127,0.027382083496397137,0.14814814814814817,0.29725022636052817
syn_005075,Caregiving Challenges – Care Recipient Behavior,0.5097062587738037,3.881069509567889e-155,0.13440860215053765,0.29276729763742754
syn_005178,Online Support – Willingness,0.5414309501647949,4.2866503114670474e-155,0.1386138613861386,0.30517033962390866
syn_005226,Current Digital Tool Use,0.5242829322814941,1.163378397421494e-78,0.16417910447761191,0.28973780687237916
syn_005206,Online Support – Barriers,0.5146436095237732,3.816923693481588e-155,0.1414790996784566,0.2974889391746474
syn_005216,Online Support – Barriers,0.5239105820655823,0.024086725062480843,0.1607717041800643,0.31653493772299607
syn_005223,Online Support – Barriers,0.5127023458480835,1.0430681607228538e-78,0.15337423312883436,0.26929520563286685
syn_005257,Support Currently Used,0.7235955595970154,0.046169291225986675,0.19435736677115986,0.29288193841381366
syn_005278,Caregiving Challenges – Balance & Time,0.5303685665130615,4.2664004782606485e-155,0.16312056737588654,0.31560066707459
syn_005294,Caregiving Challenges – Balance & Time,0.500300943851471,2.5984523630592e-155,0.1310344827586207,0.24666557418426416
syn_005295,Caregiving Challenges – Balance & Time,0.5592172741889954,0.04989178441626615,0.1776315789473684,0.27017977215557276
syn_005364,Caregiving Challenges – Distance Caregiving,0.5781539678573608,9.766075215491233e-79,0.16501650165016502,0.3362236410073313
syn_005371,Caregiving Challenges – Distance Caregiving,0.5125419497489929,3.445861821435303e-155,0.14705882352941177,0.2800607586624989
syn_005395,Caregiving Challenges – None Reported,0.5247856378555298,1.4530997597186169e-78,0.15151515151515152,0.25751737493275956
syn_005341,Caregiving Challenges – Care Recipient Behavior,0.5212600827217102,9.402756513101384e-79,0.1377410468319559,0.32551797715616554
syn_005453,Online Support – Barriers,0.5614591240882874,3.3752211118125306e-155,0.17567567567567569,0.29266352462171435
syn_005509,Support Currently Used,0.5232229828834534,3.2935645880743374e-155,0.13919413919413917,0.22430269196719785
syn_005489,Current Digital Tool Use,0.5068909525871277,3.0557352225669555e-155,0.14869888475836432,0.2910377808830294
syn_005484,Current Digital Tool Use,0.49808013439178467,3.4850470039643676e-155,0.13793103448275862,0.25913338997451146
syn_005425,Online Support – Willingness,0.50065016746521,6.431864812937581e-79,0.11506849315068494,0.252971077599257
syn_005463,Online Support – Barriers,0.5278231501579285,3.4798661194991867e-155,0.12021857923497267,0.2791807913099421
syn_005521,Support Currently Used,0.5506850481033325,1.7903274086868453e-78,0.14696485623003194,0.2875191905231209
syn_005524,Support Currently Used,0.5300905108451843,0.029611040272093152,0.1577287066246057,0.29398688837546644
syn_005574,Caregiving Challenges – Emotional Impact,0.522159218788147,1.1592466907427538e-231,0.10135135135135136,0.234641638225256
syn_005578,Caregiving Challenges – Care Recipient Behavior,0.5181810855865479,2.5569841148251066e-155,0.1282051282051282,0.2700300268723236
syn_005622,Caregiving Challenges – Distance Caregiving,0.5539122819900513,3.789776562099877e-155,0.14838709677419357,0.28203980502127673
syn_005640,Caregiving Challenges – None Reported,0.5703068971633911,1.9157792727275495e-78,0.2,0.30201541850220276
syn_005583,Caregiving Challenges – Care Recipient Behavior,0.5423519015312195,2.882653395264136e-155,0.13888888888888892,0.29327383776642757
syn_005728,Current Digital Tool Use,0.5651125907897949,1.6174779829801393e-78,0.19424460431654678,0.36431856693294606
syn_005764,Support Currently Used,0.5935473442077637,0.047081470606822426,0.19444444444444445,0.29738601243537627
syn_005657,Support Needed,0.5348890423774719,0.04225813197016418,0.15472779369627507,0.3360299085131327
syn_005715,Online Support – Barriers,0.5179049372673035,8.964567606618935e-79,0.15421686746987953,0.3083579660754038
syn_005832,Caregiving Challenges – Care Recipient Behavior,0.5099239945411682,3.495838270898563e-155,0.13411078717201166,0.24744606044723974
syn_005841,Caregiving Challenges – Care Recipient Behavior,0.48205673694610596,3.7947779696114336e-155,0.1302931596091205,0.24661401200694577
syn_005862,Caregiving Challenges – Distance Caregiving,0.5209667086601257,3.4180401753405973e-155,0.13468013468013468,0.23434068880647144
syn_005902,Support Needed,0.5392748713493347,8.714187680355995e-79,0.16615384615384615,0.28624607157036736
syn_005910,Support Needed,0.5706148743629456,2.9029873360436865e-155,0.11801242236024845,0.28986303137641617
syn_005939,Online Support – Willingness,0.5197075605392456,3.619854540822315e-155,0.16382252559726962,0.2793704156479218
syn_006053,Caregiving Challenges – Emotional Impact,0.5283362865447998,3.5187204734995554e-155,0.12738853503184716,0.2786659564891178
syn_006098,Caregiving Challenges – Care Recipient Behavior,0.542727530002594,2.914290846427721e-155,0.1559322033898305,0.22959183673469388
syn_005967,Online Support – Barriers,0.4994814693927765,1.1244880350378049e-78,0.13714285714285712,0.266234652598289
syn_006139,Caregiving Challenges – None Reported,0.570281982421875,5.255165577473185e-155,0.15671641791044777,0.3371780553017227
syn_006100,Caregiving Challenges – Distance Caregiving,0.5231371521949768,3.5330360619196536e-155,0.12258064516129033,0.241632568991964
syn_006154,Support Needed,0.5285714268684387,3.8419829307665456e-155,0.14414414414414414,0.2886884962771537
syn_006173,Support Needed,0.5360500812530518,8.539826592431262e-79,0.13333333333333336,0.2809138008951801
syn_006183,Online Support – Willingness,0.5242120623588562,3.6840144568884703e-155,0.14492753623188404,0.31182050690828716
syn_006201,Online Support – Barriers,0.5150727033615112,4.161769353683351e-155,0.13986013986013984,0.28694273192580366
syn_006207,Online Support – Barriers,0.5495564937591553,9.3843343097214e-79,0.1512027491408935,0.23962935987699285
syn_006186,Online Support – Willingness,0.5085088610649109,9.20546329791385e-79,0.1345029239766082,0.25563036009695295
syn_006210,Online Support – Barriers,0.5193517208099365,9.490452254976526e-79,0.1314878892733564,0.22383957303448335
syn_006256,Support Currently Used,0.5595332980155945,1.411469870260771e-78,0.17358490566037735,0.3465232565634985
syn_006259,Support Currently Used,0.5296309590339661,1.2064182099956066e-78,0.14532871972318337,0.3106871138351513
syn_006310,Caregiving Challenges – Emotional Impact,0.5572191476821899,4.29942470009831e-155,0.17880794701986752,0.31536783702879767
syn_006260,Support Currently Used,0.531557023525238,9.382176728318575e-79,0.18787878787878787,0.3492428206709662
syn_006304,Caregiving Challenges – Emotional Impact,0.5413565635681152,1.0839330603065092e-78,0.15337423312883436,0.350529177533532
syn_006390,Caregiving Challenges – None Reported,0.5693410634994507,1.7229424139885924e-78,0.21256038647342995,0.33574090837664733
syn_006338,Caregiving Challenges – Care Recipient Behavior,0.5454639792442322,9.47865265065327e-79,0.13970588235294118,0.2492559523809524
syn_006313,Caregiving Challenges – Emotional Impact,0.5305551886558533,8.524936871237468e-79,0.1686046511627907,0.3067269211961936
syn_006363,Caregiving Challenges – Distance Caregiving,0.5496766567230225,1.0528020842133448e-78,0.1694915254237288,0.28920841007344583
syn_006413,Support Needed,0.5557245016098022,4.532549654619527e-155,0.18289085545722714,0.34767924530023403
syn_006410,Support Needed,0.5190517902374268,3.5708811146230978e-155,0.14092140921409213,0.3324771018056687
syn_006421,Support Needed,0.5285733342170715,7.44507447705984e-79,0.17449664429530204,0.312179218731934
syn_006503,Caregiving Challenges – Care Recipient Behavior,0.5440744757652283,9.141508123542365e-79,0.15916955017301038,0.2994905075000712
syn_006440,Online Support – Willingness,0.5313698053359985,9.465193405577514e-79,0.16049382716049385,0.340234047750594
syn_006470,Online Support – Barriers,0.5457466840744019,3.8703724560077334e-155,0.15025906735751293,0.3211948378089601
syn_006508,Caregiving Challenges – Care Recipient Behavior,0.5223140716552734,8.855640873792686e-79,0.132890365448505,0.30272554246271755
syn_006510,Caregiving Challenges – Care Recipient Behavior,0.5330830216407776,3.511960562298577e-155,0.1310344827586207,0.2627594936454735
syn_006539,Support Currently Used,0.5837231278419495,0.0790754813393328,0.18823529411764708,0.3497551195938358
syn_006521,Caregiving Challenges – Care Recipient Behavior,0.5483244061470032,3.2650814295864096e-155,0.13622291021671826,0.22935779816513763
syn_006568,Caregiving Challenges – Balance & Time,0.5242094397544861,1.113759782978457e-78,0.17777777777777776,0.28458021369893083
syn_006518,Caregiving Challenges – Care Recipient Behavior,0.5563091039657593,0.018828197662483507,0.1493975903614458,0.31394613712726804
syn_006625,Caregiving Challenges – None Reported,0.5322858691215515,0.05847036986948877,0.22105263157894736,0.34600104207372673
syn_006706,Online Support – Barriers,0.5005902051925659,7.440936407201904e-79,0.15447154471544716,0.223495037380079
syn_006607,Caregiving Challenges – Distance Caregiving,0.5458785891532898,0.021810533695845964,0.17368421052631577,0.32414355389819466
syn_006694,Online Support – Willingness,0.49502652883529663,3.88515754671686e-155,0.14067278287461774,0.2841441305554806
syn_006725,Current Digital Tool Use,0.5129183530807495,8.677106062596039e-79,0.16181229773462782,0.3186964756258234
syn_006733,Current Digital Tool Use,0.48910415172576904,2.590916739108465e-155,0.12666666666666668,0.27598256034882523
syn_006712,Online Support – Barriers,0.500419020652771,2.644407206843554e-155,0.10133333333333333,0.24286372599451306
syn_006777,Support Currently Used,0.5064013004302979,1.1143980217744192e-231,0.11811023622047243,0.22020725388601034
syn_006810,Caregiving Challenges – Balance & Time,0.5348346829414368,9.090311735512405e-79,0.14093959731543623,0.24816194270044586
syn_006789,Support Currently Used,0.5085471868515015,4.174248562252233e-155,0.14715719063545152,0.31094732079816234
syn_006866,Caregiving Challenges – Distance Caregiving,0.5668240785598755,1.003250280390476e-78,0.15942028985507248,0.34641138313454706
syn_006887,Caregiving Challenges – None Reported,0.5591936111450195,4.295145816310486e-155,0.16748768472906406,0.27704011065006917
syn_006893,Caregiving Challenges – None Reported,0.5549384355545044,0.039320070999136515,0.2096069868995633,0.31768721048127546
syn_006837,Caregiving Challenges – Emotional Impact,0.5216785669326782,3.535975712376168e-155,0.15211267605633802,0.29535733202142606
syn_007044,Support Currently Used,0.5424224138259888,4.3734183314837105e-155,0.15972222222222224,0.30620833388999474
syn_007031,Support Currently Used,0.5294878482818604,3.819500957573197e-155,0.16271186440677965,0.2830738502042918
syn_007061,Caregiving Challenges – Balance & Time,0.521968424320221,8.154545934462179e-79,0.14788732394366197,0.30683047738628055
syn_007078,Caregiving Challenges – Emotional Impact,0.5204236507415771,3.475379651477696e-155,0.13953488372093026,0.27503183029613787
syn_006966,Online Support – Barriers,0.5089340209960938,3.3395514697993528e-155,0.11488250652741516,0.23391812865497078
syn_007086,Caregiving Challenges – Emotional Impact,0.5262380242347717,0.050610293525719885,0.17252396166134185,0.3448252014246689
syn_007093,Caregiving Challenges – Emotional Impact,0.5764084458351135,3.7014688477387074e-155,0.20820189274447948,0.35925029145368137
syn_007107,Caregiving Challenges – Distance Caregiving,0.5289549231529236,3.730081363680869e-155,0.13861386138613863,0.2814588719716556
syn_007097,Caregiving Challenges – Emotional Impact,0.5387976765632629,1.1486408233656347e-78,0.1627906976744186,0.342953455644903
syn_007172,Support Needed,0.5340059995651245,3.5209518754830315e-155,0.13286713286713286,0.26792569925912174
syn_007163,Support Needed,0.5565475821495056,0.03350063387762756,0.2054794520547945,0.34308777686628394
syn_007152,Support Needed,0.5162064433097839,9.311358188410803e-79,0.13538461538461538,0.2585535885481835
syn_007241,Current Digital Tool Use,0.5603330731391907,0.03304837327011832,0.17543859649122806,0.34127675460428064
syn_007186,Online Support – Willingness,0.5391094088554382,0.029405220593205807,0.1818181818181818,0.32134555485241867
syn_007198,Online Support – Willingness,0.5363154411315918,8.406860072398106e-79,0.16568047337278105,0.3001911452853315
syn_007248,Caregiving Challenges – Care Recipient Behavior,0.5665367245674133,0.03474016841234895,0.14285714285714285,0.3333287201062887
syn_007283,Support Currently Used,0.5530070066452026,1.0060063104795542e-78,0.2066869300911854,0.30297664039160643
syn_007257,Caregiving Challenges – Care Recipient Behavior,0.5345543026924133,3.2229446087375753e-155,0.13749999999999998,0.24070945945945946
syn_007308,Caregiving Challenges – Balance & Time,0.5140239596366882,3.695644331116719e-155,0.1320754716981132,0.2750318302961378
syn_007323,Current Digital Tool Use,0.5124846696853638,2.969983528484506e-155,0.13427561837455831,0.264657980456026
syn_007352,Caregiving Challenges – Emotional Impact,0.5138071775436401,4.149098093118237e-155,0.15037593984962405,0.27090603669186075
syn_007408,Caregiving Challenges – None Reported,0.5323712229728699,1.3178717054319315e-78,0.13953488372093026,0.2695462078189134
syn_007375,Caregiving Challenges – Distance Caregiving,0.5354351997375488,0.03618914359150542,0.1883116883116883,0.3495974832883082
syn_007390,Caregiving Challenges – Distance Caregiving,0.5206395387649536,4.5229941866066295e-155,0.13245033112582782,0.2767729398284352
syn_007479,Online Support – Barriers,0.5279351472854614,2.5544414923640564e-155,0.12056737588652482,0.21428571428571427
syn_007417,Caregiving Challenges – None Reported,0.5385787487030029,0.028457922206099395,0.17793594306049823,0.25691699604743085
syn_007534,Support Currently Used,0.532180666923523,1.0437358852502164e-78,0.14084507042253522,0.3091086474501109
syn_007518,Caregiving Challenges – Care Recipient Behavior,0.5705884695053101,4.315388695377469e-155,0.1707317073170732,0.32461484465011603
syn_007537,Support Currently Used,0.5271624326705933,9.135454694417075e-79,0.13496932515337423,0.2859237536656892
syn_007554,Current Digital Tool Use,0.514050304889679,3.7492278078995425e-155,0.13043478260869565,0.3035213164691624
syn_007574,Caregiving Challenges – Balance & Time,0.5392277240753174,3.814856440237083e-155,0.16382252559726962,0.3165956014572006
syn_007588,Caregiving Challenges – Balance & Time,0.5327107906341553,0.041168702407231174,0.15384615384615385,0.30520816958188873
syn_007610,Caregiving Challenges – Emotional Impact,0.5451281070709229,1.3323033101791568e-78,0.2040816326530612,0.305928748686139
syn_007589,Caregiving Challenges – Balance & Time,0.4954407513141632,9.7241929235776e-79,0.1286173633440514,0.24881532718489244
syn_007615,Caregiving Challenges – Emotional Impact,0.5713207721710205,1.1501946637095386e-78,0.15730337078651685,0.26518063028439665
syn_007741,Online Support – Barriers,0.5224927067756653,2.9391630075371673e-155,0.10465116279069768,0.26620370370370366
syn_007785,Support Currently Used,0.5282489657402039,9.218285071023761e-79,0.13186813186813187,0.28478526777598556
syn_007833,Caregiving Challenges – Balance & Time,0.5574929714202881,1.2700561910893406e-78,0.1897810218978102,0.34451089905977167
syn_007742,Online Support – Barriers,0.5450591444969177,9.784211682361574e-79,0.1497005988023952,0.29573295672652955
syn_007860,Caregiving Challenges – Emotional Impact,0.5601933598518372,4.226581710440179e-155,0.17241379310344832,0.3535898552938209
syn_007910,Caregiving Challenges – None Reported,0.5426197648048401,4.1905253506405144e-155,0.1826923076923077,0.2440575306210357
syn_007758,Caregiving Challenges – Care Recipient Behavior,0.4973614811897278,2.7099305832343586e-155,0.12532637075718017,0.2478448275862069
syn_007869,Caregiving Challenges – Emotional Impact,0.548151969909668,1.240151561907912e-78,0.1706484641638225,0.2860318536733763
syn_007936,Support Needed,0.5634682774543762,4.6993123621819525e-155,0.1829652996845426,0.3085570731537538
syn_007941,Support Needed,0.534847617149353,0.040194573284074844,0.18528610354223435,0.3268412387786165
syn_007960,Online Support – Willingness,0.5461722612380981,7.56056719489525e-79,0.13846153846153844,0.28079907342099353
syn_007973,Online Support – Barriers,0.5074481964111328,2.6104141378605243e-155,0.09824561403508772,0.26621130146238736
syn_007968,Online Support – Willingness,0.5328401923179626,2.6049876711247222e-155,0.1569767441860465,0.3019196142095031
syn_007974,Online Support – Barriers,0.5418541431427002,0.04387205886153308,0.1494661921708185,0.2766180559917992
syn_007970,Online Support – Willingness,0.5436498522758484,0.04373677955418646,0.15591397849462366,0.35186203559094603
syn_008020,Caregiving Challenges – Care Recipient Behavior,0.5453705191612244,3.7034010423616278e-155,0.17417417417417416,0.2899397562396393
syn_007985,Online Support – Barriers,0.5023168325424194,0.03053332323372493,0.12941176470588237,0.2622139705272849
syn_008022,Caregiving Challenges – Care Recipient Behavior,0.5262457132339478,9.287391068122104e-79,0.13455657492354742,0.2808540522804935
syn_008032,Support Currently Used,0.5841795802116394,0.028163941043994736,0.18421052631578946,0.3282988938653637
syn_007990,Online Support – Barriers,0.5153769850730896,2.9262069454497605e-155,0.15846994535519127,0.2485752524259439
syn_008061,Current Digital Tool Use,0.5135495662689209,3.813411553632759e-155,0.13924050632911394,0.2848643528017252
syn_008071,Current Digital Tool Use,0.5357413291931152,9.059659280847732e-79,0.14869888475836432,0.30489448191706775
syn_008063,Current Digital Tool Use,0.49242809414863586,3.0967731846665347e-155,0.1391941391941392,0.22541947507561866
syn_008140,Caregiving Challenges – Distance Caregiving,0.5447830557823181,3.5316909883148226e-155,0.15384615384615385,0.2849098015897305
syn_008078,Caregiving Challenges – Balance & Time,0.5486681461334229,0.055469908683038374,0.20138888888888887,0.35736677467853
syn_008142,Caregiving Challenges – Distance Caregiving,0.5068105459213257,1.1996795623150665e-78,0.14110429447852763,0.2912992445295586
syn_008183,Support Needed,0.5378534197807312,4.0350394588155404e-155,0.14619883040935672,0.2804128121406171
syn_008184,Support Needed,0.5469886660575867,0.04091858407267937,0.14836795252225518,0.31007110387304293
syn_008236,Online Support – Barriers,0.5331646800041199,0.024365130509267568,0.1407624633431085,0.2802781302793126
syn_008248,Caregiving Challenges – Care Recipient Behavior,0.5213939547538757,6.49067742491483e-79,0.12426035502958581,0.29786817325800374
syn_008195,Support Needed,0.5614314675331116,8.514523764354152e-79,0.17066666666666666,0.3417850746268657
syn_008276,Support Currently Used,0.5618259310722351,3.7993068927788784e-155,0.1723076923076923,0.31755840994259443
syn_008302,Current Digital Tool Use,0.5432365536689758,4.409785564493255e-155,0.16066481994459833,0.314586999192785
syn_008351,Caregiving Challenges – Emotional Impact,0.5291289687156677,3.5981660403870738e-155,0.16666666666666666,0.25168178829717286
syn_008331,Caregiving Challenges – Balance & Time,0.5088859796524048,1.0155995641560012e-78,0.14035087719298245,0.26466380543633755
syn_008347,Caregiving Challenges – Balance & Time,0.5241402983665466,1.2424790932704348e-78,0.15946843853820597,0.2910667943648047
syn_008386,Caregiving Challenges – Distance Caregiving,0.5377730131149292,2.613104730400492e-155,0.13207547169811323,0.2797695636821073
syn_008388,Caregiving Challenges – Distance Caregiving,0.5405529141426086,1.255107737581007e-78,0.18360655737704915,0.3159426801074514
syn_008428,Support Needed,0.5283979177474976,9.604947659078106e-79,0.13924050632911394,0.27978803264104823
syn_008467,Online Support – Willingness,0.5464446544647217,4.770016620926851e-155,0.15,0.29200288461128165
syn_008449,Online Support – Willingness,0.5132343173027039,3.340003512608817e-155,0.1564625850340136,0.27683291088078865
syn_008464,Online Support – Willingness,0.5241770148277283,6.212461651305389e-79,0.1317365269461078,0.24691358024691362
syn_008552,Current Digital Tool Use,0.5096411108970642,3.4840262021618163e-155,0.1567398119122257,0.2745953154468086
syn_008469,Online Support – Willingness,0.5298124551773071,0.03638319134592,0.17766497461928932,0.33011691663698683
syn_008563,Current Digital Tool Use,0.5332805514335632,0.0381441993646153,0.1904761904761905,0.3652410055513441
syn_008605,Caregiving Challenges – Emotional Impact,0.5583170056343079,1.0593550085854357e-78,0.17100371747211898,0.3195477232456735
syn_008579,Caregiving Challenges – Balance & Time,0.5525538325309753,0.03476157930438388,0.17763157894736845,0.3260250419601128
syn_008567,Current Digital Tool Use,0.5142444968223572,0.028778222769106507,0.1933534743202417,0.3444003113481834
syn_008609,Caregiving Challenges – Emotional Impact,0.5053051114082336,3.759013537050647e-155,0.17891373801916932,0.2839531520722488
syn_008616,Caregiving Challenges – Emotional Impact,0.558988630771637,1.18585231802154e-78,0.1807228915662651,0.30984848538477
syn_008663,Caregiving Challenges – None Reported,0.5475390553474426,9.454459681413742e-79,0.1846153846153846,0.27989095232062705
syn_008639,Caregiving Challenges – Distance Caregiving,0.5421644449234009,8.68963240349945e-79,0.15141955835962145,0.28576660156250006
syn_008641,Caregiving Challenges – Distance Caregiving,0.537333071231842,3.5743097130172348e-155,0.15141955835962145,0.30494489203474945
syn_008683,Support Needed,0.5726318955421448,9.296450115241765e-79,0.18348623853211007,0.3565707548637847
syn_008786,Current Digital Tool Use,0.5012480616569519,2.715476573317161e-155,0.13818181818181818,0.23885350318471338
syn_008808,Caregiving Challenges – Care Recipient Behavior,0.5026034116744995,2.732343211786237e-155,0.14448669201520914,0.25062392622865476
syn_008801,Caregiving Challenges – Care Recipient Behavior,0.5314999222755432,3.097747684657747e-155,0.1473684210526316,0.22491349480968859
syn_008764,Support Currently Used,0.5443583130836487,9.239006580600081e-79,0.14245014245014243,0.3121638806289898
syn_008717,Online Support – Willingness,0.5164955258369446,0.019619213468121604,0.11173184357541899,0.23128679562657695
syn_008827,Caregiving Challenges – Balance & Time,0.5299047231674194,4.420001839562927e-155,0.138996138996139,0.3130721564497218
syn_008821,Caregiving Challenges – Care Recipient Behavior,0.5270360708236694,3.649817631923944e-155,0.15730337078651685,0.2830132596630229
syn_008842,Caregiving Challenges – Balance & Time,0.5435200929641724,8.280850114336802e-79,0.1384083044982699,0.2540366334857861
syn_008860,Caregiving Challenges – Emotional Impact,0.5665954351425171,4.573593868728584e-155,0.16271186440677965,0.3048279883381925
syn_008869,Caregiving Challenges – Emotional Impact,0.5358901619911194,1.1586194093197786e-78,0.1554054054054054,0.3387620611388162
syn_008900,Caregiving Challenges – None Reported,0.5230898261070251,3.996680202318328e-155,0.18000000000000002,0.23125471262815528
syn_008901,Caregiving Challenges – None Reported,0.5278076529502869,1.2986353600126465e-78,0.17937219730941703,0.2497294487875034
syn_008915,Caregiving Challenges – None Reported,0.521133303642273,4.0908205017027905e-155,0.15686274509803924,0.20385271470959831
syn_008886,Caregiving Challenges – Distance Caregiving,0.4632784128189087,3.486671356306691e-155,0.11838006230529594,0.23409893992932862
syn_008982,Online Support – Barriers,0.511077344417572,4.068925905034089e-155,0.14769230769230768,0.2777480882732532
syn_009048,Current Digital Tool Use,0.5103068947792053,3.823347131308751e-155,0.1516245487364621,0.26406926406926406
syn_009040,Support Currently Used,0.5101180076599121,3.914754789053013e-155,0.1625,0.26011409922542733
syn_009058,Current Digital Tool Use,0.5643367767333984,4.59054573843171e-155,0.17482517482517482,0.332219554488462
syn_009131,Caregiving Challenges – Distance Caregiving,0.5423984527587891,1.1291043472619725e-78,0.15602836879432624,0.36958899828098146
syn_009088,Caregiving Challenges – Balance & Time,0.5670261383056641,0.030899682607040957,0.17857142857142858,0.39243058222027183
syn_009165,Caregiving Challenges – None Reported,0.550911009311676,5.26343093027509e-155,0.19246861924686193,0.3044158594149382
syn_009166,Caregiving Challenges – None Reported,0.5659825205802917,0.06584208360847389,0.20465116279069764,0.3102755101496724
syn_009189,Support Needed,0.5441252589225769,3.6397870226180275e-155,0.1411764705882353,0.30810879753776416
syn_009142,Caregiving Challenges – Distance Caregiving,0.5447219610214233,0.048295725906001105,0.2334384858044164,0.37488701484065706
syn_009139,Caregiving Challenges – Distance Caregiving,0.5529181361198425,0.03246092557953303,0.1954022988505747,0.35076242669684005
syn_009199,Online Support – Willingness,0.5267749428749084,0.02000980721089241,0.15428571428571428,0.24380165289256198
syn_009285,Support Currently Used,0.5547399520874023,4.509632167100331e-155,0.17940199335548174,0.30421610375762675
syn_009286,Support Currently Used,0.5436604022979736,4.5784226799594145e-155,0.1643835616438356,0.314730968448228
syn_009220,Online Support – Willingness,0.5451242327690125,2.9773992754134955e-155,0.14492753623188406,0.2888982220789526
syn_009212,Online Support – Willingness,0.5625367760658264,0.049808859844972145,0.19939577039274925,0.328261417539357
syn_009308,Current Digital Tool Use,0.534882128238678,3.5200237250336256e-155,0.11940298507462685,0.309516075640336
syn_009405,Caregiving Challenges – None Reported,0.6248770952224731,0.09323435049960091,0.27004219409282704,0.3977322577058939
syn_009456,Online Support – Willingness,0.5735191702842712,4.676472635079272e-155,0.1683501683501684,0.34119707043403663
syn_009332,Caregiving Challenges – Balance & Time,0.5180066823959351,1.1818238379076862e-231,0.11612903225806452,0.2454473475851148
syn_009539,Support Currently Used,0.5913726091384888,0.04094343637830313,0.18909090909090912,0.35774085857344473
syn_009481,Online Support – Barriers,0.512994110584259,3.338707082508162e-155,0.11515151515151514,0.21332335329341318
syn_009494,Online Support – Barriers,0.542962372303009,0.031775392330872704,0.15337423312883436,0.280229554613135
syn_009566,Current Digital Tool Use,0.5532390475273132,5.077303769213044e-155,0.1942446043165468,0.3329575573787957
syn_009663,Caregiving Challenges – None Reported,0.5286315083503723,4.226135883445077e-155,0.16000000000000003,0.288145806547245
syn_009567,Current Digital Tool Use,0.5699546337127686,1.167566941741662e-78,0.18881118881118883,0.3498251285810536
syn_009603,Caregiving Challenges – Emotional Impact,0.5392659306526184,3.6666464622969735e-155,0.13445378151260504,0.265324930934084
syn_009672,Caregiving Challenges – None Reported,0.4803370237350464,3.429987052463604e-155,0.140625,0.265353156477039
syn_009762,Caregiving Challenges – Care Recipient Behavior,0.5636041760444641,8.535700288607391e-79,0.1386138613861386,0.31234991148216007
syn_009765,Caregiving Challenges – Care Recipient Behavior,0.5249829292297363,0.021893046549321834,0.14473684210526316,0.2786963810523053
syn_009679,Support Needed,0.513756513595581,8.548788133678645e-79,0.13559322033898305,0.30172600057392684
syn_009784,Support Currently Used,0.543753981590271,1.15188769340423e-78,0.17687074829931973,0.29612335393711375
syn_009807,Current Digital Tool Use,0.4962528645992279,7.497123217787878e-79,0.12878787878787878,0.20331950207468882
syn_009826,Caregiving Challenges – Balance & Time,0.5126148462295532,8.549034880611969e-79,0.1522491349480969,0.31307373168217895
syn_009832,Caregiving Challenges – Balance & Time,0.47587788105010986,3.085844624020947e-155,0.11971830985915494,0.22283813842662892
syn_009889,Caregiving Challenges – Distance Caregiving,0.543895423412323,4.306995622190898e-155,0.15770609318996415,0.28740023316294505
syn_009849,Caregiving Challenges – Emotional Impact,0.5249215960502625,0.04335878524727084,0.14473684210526316,0.32583697199697165
syn_009868,Caregiving Challenges – Emotional Impact,0.5184633135795593,1.1070495680325775e-78,0.17880794701986755,0.3100132208511709
syn_009908,Caregiving Challenges – None Reported,0.5366705060005188,1.2394406010131098e-78,0.21874999999999997,0.244190036900369
syn_009878,Caregiving Challenges – Distance Caregiving,0.5388972163200378,0.0235554212041418,0.15835777126099707,0.29024638040870354
syn_009891,Caregiving Challenges – Distance Caregiving,0.5539512634277344,1.1221779989387176e-78,0.18245614035087718,0.3276412148686686
syn_009917,Caregiving Challenges – None Reported,0.533271074295044,1.0942927747346008e-78,0.17167381974248927,0.30173408649173955
syn_009925,Support Needed,0.5424996018409729,4.077093753856357e-155,0.20261437908496732,0.31500320837506823
syn_009939,Support Needed,0.5268031358718872,1.1592951174314325e-78,0.1329479768786127,0.3062526703996043
syn_009948,Online Support – Willingness,0.5346826314926147,1.157891090071824e-78,0.15902140672782875,0.27484962701406
syn_009956,Online Support – Willingness,0.5016791224479675,3.3119465660755776e-155,0.15568862275449102,0.26050169076492535
syn_009969,Online Support – Willingness,0.4953693747520447,3.2459251508544603e-155,0.14794520547945206,0.28406889249346673
